00100000000100000000000000000101
00100000000100010000000000000011
00000010000000000010000000100000
00000010001000000010100000100000
00001110001000000000000000000001
00000000010000001001000000100000
00100011101111011111111111111000
10101111101111110000000000000100
10101111101001010000000000000000
00100000000100100000000000000101
00100010010100100000000000000101
00000010010100101001000000100000
00000000100000000010100000100000
00001100100000000000000000000101
10001111101001010000000000000000
10001111101111110000000000000100
00100011101111010000000000001000
00000000010001010001000000100000
00000011111000000000000000001000
00100011101111011111111111111100
10101111101100000000000000000000
00000000100001011000000000100000
00000010000000000001000000100000
10001111101100000000000000000000
00100011101111010000000000000100
00000011111000000000000000001000
